Mutacion

Individuo Original : [[4, 7, 3, 5, 0, 2, 1], [2, 3, 0, 5, 4, 7, 1], [3, 7, 6], [0, 5, 6, 4], [7, 5, 4, 2,6, 0], [3, 1, 5, 2, 0, 6, 7]]
Individuo Mutado: [[4, 7, 3, 5, 0, 2, 1], [2, 3, 0, 5, 4, 7, 1]]

Individuo Original : [[4, 7, 3, 5, 0, 2, 1], [2, 3, 0, 5, 4, 7, 1]]
Individuo Mutado: [[1, 0, 7, 2, 6, 4, 5], [0, 4, 1, 7, 5, 2, 6], [0, 4], [2, 6, 7, 3, 5, 4], [1, 7, 2, 6, 0]]

Individuo Original : [[2, 3, 1, 4, 6], [1, 4, 2, 5, 6, 3]]
Individuo Mutado: [[0, 5, 1, 3, 7], [6, 7, 2, 5, 1, 0, 4]]
